0.000000 -0.000000
0.101010 -0.000000
0.202020 -0.000000
0.303030 -0.000000
0.404040 -0.000000
0.505051 -0.000000
0.606061 -0.000000
0.707071 -0.000000
0.808081 -0.000000
0.909091 -0.000000
1.010101 0.005290
1.111111 0.056743
1.212121 0.105661
1.313131 0.152171
1.414141 0.196390
1.515152 0.238431
1.616162 0.278401
1.717172 0.316403
1.818182 0.352533
1.919192 0.386884
2.020202 0.419543
2.121212 0.450594
2.222222 0.480115
2.323232 0.508182
2.424242 0.534867
2.525253 0.560238
2.626263 0.584359
2.727273 0.607293
2.828283 0.629096
2.929293 0.649826
3.030303 0.669535
3.131313 0.688273
3.232323 0.706089
3.333333 0.723027
3.434343 0.739130
3.535354 0.754441
3.636364 0.768997
3.737374 0.782837
3.838384 0.795995
3.939394 0.808505
4.040404 0.820399
4.141414 0.831707
4.242424 0.842458
4.343434 0.852680
4.444444 0.862398
4.545455 0.871637
4.646465 0.880422
4.747475 0.888774
4.848485 0.896714
4.949495 0.904264
5.050505 0.911441
5.151515 0.918266
5.252525 0.924754
5.353535 0.930922
5.454545 0.936787
5.555556 0.942363
5.656566 0.947664
5.757576 0.952704
5.858586 0.957496
5.959596 0.962052
6.060606 0.966383
6.161616 0.970502
6.262626 0.974417
6.363636 0.978139
6.464646 0.981679
6.565657 0.985044
6.666667 0.988243
6.767677 0.991284
6.868687 0.994176
6.969697 0.996925
7.070707 0.999539
7.171717 1.002025
7.272727 1.004387
7.373737 1.006634
7.474747 1.008770
7.575758 1.010800
7.676768 1.012731
7.777778 1.014567
7.878788 1.016312
7.979798 1.017971
8.080808 1.019548
8.181818 1.021048
8.282828 1.022474
8.383838 1.023830
8.484848 1.025119
8.585859 1.026344
8.686869 1.027509
8.787879 1.028617
8.888889 1.029670
8.989899 1.030671
9.090909 1.031623
9.191919 1.032528
9.292929 1.033389
9.393939 1.034207
9.494949 1.034985
9.595960 1.035724
9.696970 1.036427
9.797980 1.037096
9.898990 1.037731
10.000000 1.038336
